-0.94 0.60 0.00
-0.36 1.13 0.00
0.69 -0.73 0.00
0.15 -1.17 0.00
0.05 0.58 1.00
0.82 0.24 0.00
-0.48 -0.48 1.00
0.31 -0.59 0.00
0.02 -1.02 0.00
-0.33 0.46 1.00
0.74 0.18 0.00
1.31 0.20 0.00
0.36 0.55 1.00
0.63 0.41 1.00
0.47 -0.39 1.00
-0.81 0.14 1.00
0.57 -0.49 1.00
-1.08 -0.16 0.00
0.11 0.47 1.00
0.82 -0.45 0.00
0.16 -0.37 1.00
-0.61 0.39 1.00
0.66 -0.13 1.00
0.55 -0.66 0.00
-0.51 -0.10 1.00
0.50 0.44 1.00
-0.92 0.48 0.00
0.12 0.63 1.00
0.76 0.85 0.00
-0.01 0.72 1.00
0.44 -0.79 0.00
-0.21 -0.98 0.00
-0.27 -0.65 1.00
0.58 -0.00 1.00
-0.27 -0.79 0.00
0.03 -0.94 0.00
0.60 -0.65 0.00
1.07 0.44 0.00
0.56 0.71 0.00
1.01 -0.29 0.00
-0.48 -0.71 0.00
-0.77 0.72 0.00
-0.26 -0.35 1.00
0.30 0.35 1.00
0.60 -0.10 0.00
-0.52 -0.31 1.00
-0.57 1.04 0.00
-0.44 0.48 1.00
-0.52 -0.44 1.00
0.59 0.80 0.00
0.00 -0.76 1.00
0.68 -0.38 1.00
0.52 -0.01 1.00
0.54 0.08 1.00
-1.03 0.24 0.00
0.40 0.89 0.00
0.53 -0.08 1.00
-0.26 -0.52 1.00
0.53 0.36 1.00
-0.54 0.27 1.00
-0.98 0.35 0.00
-0.90 0.33 0.00
0.21 -0.55 1.00
0.38 -0.33 1.00
-0.75 0.93 0.00
-0.91 -0.20 0.00
0.32 -0.42 1.00
0.35 0.35 1.00
-0.68 -1.01 0.00
-0.22 0.65 1.00
0.22 0.94 0.00
-0.53 -0.50 1.00
-0.78 -0.45 0.00
-0.53 -0.16 1.00
-0.86 -0.06 0.00
0.07 1.05 0.00
-0.56 0.30 1.00
-0.51 -0.13 1.00
-0.31 -0.46 1.00
0.58 -0.05 1.00
1.07 -0.11 0.00
-0.40 -0.30 1.00
-0.43 0.05 1.00
-0.53 -0.87 0.00
0.12 0.56 1.00
0.51 0.36 1.00
0.29 0.96 0.00
-0.44 0.83 0.00
-0.27 -0.86 0.00
0.43 -0.92 0.00
1.03 0.11 0.00
-0.64 0.17 1.00
0.66 0.71 0.00
-0.81 -0.55 0.00
0.58 -0.45 1.00
0.45 -0.80 1.00
-1.05 -0.29 0.00
0.02 0.66 1.00
-0.30 1.00 0.00
0.40 0.84 0.00
