39.44 0.63 4.31
37.22 0.56 3.13
33.33 1.04 3.05
26.11 1.02 3.29
21.67 1.10 2.37
27.22 1.76 3.38
22.22 1.73 2.07
13.89 0.67 2.26
31.11 0.97 3.52
30.00 1.24 3.60
38.33 0.87 4.26
16.11 1.42 2.05
35.00 1.54 3.07
22.22 0.62 2.14
38.33 0.65 3.79
26.67 1.15 2.77
23.89 0.63 3.11
30.00 0.83 2.74
40.00 1.23 4.48
14.44 0.69 1.50
32.22 1.45 3.56
22.78 1.11 2.81
15.00 0.94 1.77
30.00 1.08 3.70
28.89 1.30 2.50
14.44 0.75 1.96
14.44 1.18 2.53
18.89 0.86 2.39
26.11 1.39 2.71
21.11 0.65 2.80
29.44 1.29 3.49
33.33 0.73 3.97
25.00 0.54 2.64
26.11 0.68 2.95
11.11 1.60 1.45
38.33 1.36 4.28
37.22 0.84 4.08
23.33 1.16 3.12
30.00 0.63 2.56
11.11 0.58 1.43
12.78 0.72 1.33
13.89 1.07 1.68
15.56 1.69 2.64
17.22 1.15 2.43
10.56 1.22 1.90
35.56 1.65 3.62
35.56 1.57 3.18
11.11 1.74 1.12
13.89 1.24 2.36
35.56 1.20 3.61
26.67 1.49 2.76
10.56 0.55 1.63
38.89 1.54 3.99
13.33 1.77 1.91
21.67 0.98 2.68
32.78 1.72 3.11
33.33 1.50 3.19
15.00 1.00 1.53
38.89 1.58 3.55
13.89 1.26 2.39
23.89 1.52 2.46
36.67 1.17 3.99
35.56 1.38 3.93
37.22 1.50 4.22
21.11 0.80 2.83
12.22 0.68 1.97
30.56 1.64 3.10
35.56 1.32 3.87
20.00 0.97 2.74
27.22 1.57 3.06
32.22 1.27 3.88
29.44 1.38 3.62
28.33 1.26 3.37
28.33 0.78 3.61
35.56 1.28 3.59
31.67 1.37 3.79
28.33 0.67 2.44
21.11 1.11 2.20
17.78 1.15 2.23
27.22 0.91 2.55
26.11 1.46 2.42
17.78 0.74 2.06
29.44 1.25 3.36
13.33 1.40 2.01
33.33 0.52 3.31
38.89 1.17 4.27
12.78 1.37 2.01
30.56 1.42 2.95
34.44 1.20 3.71
37.22 0.74 3.53
31.67 1.42 3.25
20.56 1.75 1.99
32.22 1.46 3.28
40.00 1.57 3.75
21.11 0.80 2.80
14.44 1.28 1.89
33.89 0.50 3.10
24.44 1.34 3.28
20.56 1.72 2.36
36.11 0.68 3.58
